050326
050330
050332
050334
050336
050340
050342
050344
050350
050352
052308
052310
052314
052318
052322
052332
052336
052338
052340
052342
052344
052346
054294
054304
054312
054324
054330
054332
054334
054336
054340
054342
054344
054346
054348
054350
054354
056264
056272
056276
056282
056286
056290
056300
056302
056306
056316
056322
056324
056334
056336
056340
056342
056344
056346
056348
056354
056356
058244
058248
058258
058260
058280
058298
058310
058312
058314
058320
058328
058332
058334
058336
058340
058342
058344
058346
058354
058358
060212
060232
060236
060252
060256
060266
060270
060274
060282
060286
060292
060294
060296
060306
060318
060324
060334
060336
060338
060342
060344
060346
060350
060352
060360
060362
062198
062204
062210
062214
062218
062224
062236
062244
062258
062274
062280
062304
062310
062312
062314
062322
062328
062332
062334
062336
062338
062340
062342
062344
062348
062352
062358
062364
064170
064176
064180
064184
064186
064194
064202
064206
064208
064222
064232
064242
064250
064252
064256
064258
064262
064268
064282
064284
064288
064292
064300
064302
064308
064316
064320
064330
064332
064334
064338
064340
064342
064344
064348
064352
064354
064360
064362
066148
066150
066152
066156
066158
066162
066176
066190
066198
066206
066208
066210
066216
066224
066234
066246
066266
066272
066276
066288
066298
066304
066316
066324
066328
066332
066338
066340
066344
066348
066352
066354
066356
066360
066364
068128
068132
068142
068158
068164
068170
068172
068180
068196
068202
068204
068212
068220
068226
068232
068250
068254
068258
068264
068280
068282
068292
068306
068308
068310
068318
068326
068334
068340
068342
068344
068346
068348
068358
068364
068366
068368
068370
070096
070100
070106
070112
070116
070118
070120
070150
070162
070174
070184
070194
070202
070208
070214
070216
070220
070224
070228
070234
070252
070256
070268
070272
070274
070282
070286
070288
070292
070294
070304
070314
070322
070324
070326
070330
070334
070340
070342
070344
070346
070352
070354
070366
070368
070370
072078
072082
072088
072098
072108
072122
072124
072130
072158
072186
072190
072206
072210
072218
072230
072246
072250
072262
072268
072270
072274
072276
072296
072300
072310
072318
072324
072338
072342
072344
072346
072350
072356
072360
072364
072366
072368
072370
072372
074056
074062
074066
074086
074090
074094
074102
074112
074116
074124
074126
074142
074146
074158
074160
074166
074174
074180
074184
074214
074236
074238
074244
074264
074272
074278
074294
074298
074302
074304
074308
074312
074316
074318
074322
074328
074332
074336
074340
074342
074344
074346
074350
074352
074366
074368
074370
074372
076052
076062
076078
076080
076104
076106
076130
076170
076172
076186
076194
076202
076208
076212
076220
076230
076252
076254
076258
076280
076290
076294
076304
076318
076322
076324
076326
076340
076342
076344
076348
076350
076352
076356
076364
076366
076374
078050
078054
078058
078060
078066
078074
078078
078084
078088
078092
078098
078104
078110
078114
078120
078130
078134
078154
078164
078176
078178
078224
078262
078268
078274
078284
078286
078306
078310
078314
078316
078328
078332
078336
078346
078350
078352
078356
078364
078368
078372
078374
080052
080066
080084
080092
080096
080106
080108
080112
080126
080128
080138
080140
080148
080156
080168
080186
080188
080192
080198
080204
080220
080230
080234
080236
080258
080264
080278
080280
080288
080294
080298
080312
080316
080320
080322
080324
080330
080334
080338
080340
080348
080350
080352
080354
080356
080360
080362
080364
080366
080372
080374
082084
082088
082100
082128
082166
082202
082210
082214
082216
082222
082226
082232
082242
082250
082254
082260
082264
082266
082270
082272
082278
082284
082288
082290
082296
082300
082302
082306
082310
082314
082320
082326
082328
082340
082344
082346
082348
082350
082352
082354
082356
082358
082360
082362
082370
082372
084052
084054
084066
084090
084098
084114
084126
084136
084146
084156
084164
084172
084182
084188
084196
084206
084212
084220
084246
084250
084256
084268
084294
084298
084300
084306
084310
084316
084318
084322
084330
084334
084336
084344
084350
084352
084354
084356
084358
084364
084376
084378
086072
086090
086092
086096
086106
086108
086116
086118
086120
086128
086142
086150
086170
086174
086182
086192
086198
086206
086216
086222
086238
086244
086250
086252
086260
086264
086274
086280
086286
086296
086304
086310
086312
086320
086322
086324
086326
086334
086338
086340
086344
086348
086350
086352
086354
086356
086358
086360
086366
086368
086370
086374
088062
088066
088070
088084
088098
088102
088112
088144
088158
088160
088166
088184
088192
088206
088208
088212
088224
088226
088232
088246
088248
088250
088252
088256
088260
088266
088278
088284
088288
088308
088318
088328
088332
088334
088342
088350
088352
088354
088356
088358
088360
088362
088364
088370
088372
088378
090050
090076
090078
090106
090116
090122
090130
090140
090150
090174
090182
090196
090218
090230
090232
090234
090236
090238
090242
090250
090252
090268
090276
090278
090282
090292
090294
090298
090308
090334
090338
090344
090346
090348
090350
090352
090354
090356
090358
090360
090362
090364
090372
090374
090376
090378
092052
092058
092062
092068
092072
092080
092088
092090
092092
092094
092096
092108
092120
092126
092144
092160
092174
092180
092186
092198
092206
092210
092216
092218
092220
092224
092248
092250
092252
092254
092256
092260
092264
092268
092272
092274
092286
092302
092304
092308
092312
092316
092318
092322
092326
092330
092334
092336
092340
092344
092346
092350
092352
092354
092356
092358
092360
092362
092372
092374
092376
094064
094076
094084
094092
094094
094098
094104
094108
094118
094128
094134
094142
094152
094156
094182
094196
094202
094212
094218
094228
094240
094242
094248
094250
094252
094254
094264
094282
094288
094290
094294
094298
094310
094316
094320
094342
094344
094346
094348
094350
094352
094354
094356
094358
094360
094362
094364
094366
094370
094374
096052
096058
096060
096078
096080
096086
096094
096096
096106
096114
096116
096124
096134
096138
096144
096150
096162
096170
096180
096192
096198
096200
096204
096212
096218
096222
096246
096248
096250
096252
096260
096262
096272
096278
096284
096294
096300
096306
096314
096318
096320
096334
096340
096344
096350
096352
096354
096356
096358
096360
096362
096364
096366
096368
096376
096378
098048
098058
098084
098088
098092
098094
098096
098106
098108
098110
098116
098118
098122
098132
098138
098164
098168
098176
098184
098214
098234
098240
098248
098250
098252
098254
098266
098268
098274
098282
098304
098312
098314
098336
098338
098340
098342
098344
098346
098348
098350
098352
098354
098356
098358
098360
098362
098364
098370
098374
098376
100062
100068
100082
100084
100086
100104
100106
100124
100134
100148
100150
100160
100164
100174
100184
100186
100188
100190
100194
100200
100208
100220
100224
100228
100232
100250
100256
100258
100266
100272
100274
100302
100312
100316
100320
100336
100338
100340
100342
100344
100352
100354
100356
100358
100360
100362
100364
100366
100372
100374
100380
102048
102072
102074
102076
102082
102126
102134
102142
102146
102150
102152
102154
102156
102160
102164
102178
102182
102190
102192
102202
102206
102236
102242
102252
102262
102268
102280
102284
102306
102336
102338
102340
102342
102346
102350
102352
102354
102356
102358
102360
102362
102364
102366
102368
102370
102372
104052
104058
104060
104066
104068
104074
104076
104078
104080
104090
104100
104122
104140
104142
104154
104160
104162
104166
104180
104182
104184
104186
104188
104192
104194
104198
104200
104212
104216
104222
104228
104230
104234
104244
104256
104266
104274
104302
104338
104340
104342
104344
104346
104348
104350
104354
104356
104358
104360
104362
104364
104368
104370
104376
104378
106052
106056
106058
106060
106066
106068
106072
106074
106076
106082
106084
106086
106098
106100
106124
106132
106138
106144
106150
106154
106158
106164
106170
106188
106190
106194
106198
106208
106218
106220
106226
106228
106240
106268
106272
106276
106340
106342
106344
106346
106348
106350
106352
106354
106356
106358
106360
106362
106364
106366
106368
106370
106372
108048
108056
108058
108060
108064
108066
108068
108076
108094
108096
108098
108100
108110
108116
108146
108176
108182
108192
108196
108198
108204
108208
108210
108212
108214
108216
108222
108228
108248
108256
108266
108270
108276
108278
108342
108344
108348
108350
108352
108354
108356
108358
108360
108362
108364
108366
108368
108370
108372
108378
108380
110048
110056
110074
110078
110080
110082
110086
110088
110120
110126
110134
110140
110152
110160
110162
110178
110186
110188
110190
110204
110210
110212
110220
110222
110224
110232
110244
110250
110258
110348
110350
110352
110354
110356
110358
110360
110362
110364
110366
110368
110370
110372
110376
110378
112056
112072
112078
112086
112090
112106
112108
112114
112118
112120
112126
112148
112164
112172
112198
112200
112208
112210
112212
112214
112216
112218
112220
112222
112226
112230
112248
112250
112256
112258
112268
112270
112346
112348
112350
112352
112356
112358
112360
112362
112364
112366
112368
112374
114072
114110
114128
114144
114152
114154
114158
114172
114176
114180
114182
114188
114190
114194
114198
114204
114206
114212
114214
114216
114220
114222
114224
114226
114356
114358
114360
114362
114364
114366
114368
114370
114372
114374
114376
114378
114380
116058
116064
116100
116114
116124
116128
116134
116142
116144
116160
116164
116168
116172
116180
116198
116206
116208
116210
116214
116216
116218
116220
116222
116234
116238
116244
116254
116356
116358
116360
116362
116364
116366
116368
116370
116372
116374
116376
118056
118078
118080
118082
118092
118100
118108
118118
118140
118148
118152
118160
118166
118178
118184
118192
118196
118204
118206
118214
118216
118218
118220
118234
118358
118360
118362
118364
118366
118368
118370
118372
118374
118376
118378
120048
120054
120078
120086
120088
120122
120134
120154
120156
120162
120164
120170
120194
120200
120208
120212
120214
120216
120218
120224
120360
120362
120364
120366
120368
120370
120372
120374
120376
120378
122056
122066
122074
122084
122098
122128
122164
122174
122196
122202
122208
122214
122216
122218
122222
122230
122364
122366
122368
122370
122372
122374
122376
122378
124054
124058
124084
124108
124126
124132
124136
124148
124154
124158
124162
124168
124172
124178
124192
124194
124200
124228
124240
124366
124368
124370
124372
124374
124376
126048
126054
126068
126070
126084
126090
126096
126120
126128
126144
126154
126166
126170
126172
126186
126196
126198
126202
126208
126224
126368
126370
126372
126374
128058
128074
128078
128094
128098
128112
128134
128148
128156
128164
128170
128176
128182
128188
128196
128204
128370
128372
128376
130066
130068
130070
130074
130080
130086
130098
130116
130124
130126
130134
130136
130142
130148
130150
130160
130164
130166
130190
130208
130218
130222
130232
130372
130374
130376
132060
132084
132086
132118
132154
132156
132162
132170
132172
132188
132192
132194
132206
132208
132220
132372
132374
134088
134148
134164
134166
134174
134178
134202
134226
134372
134374
136048
136054
136058
136066
136074
136096
136112
136118
136124
136134
136138
136148
136154
136160
136174
136186
136192
136210
136212
138052
138066
138086
138104
138108
138112
138124
138132
138134
138136
138138
138144
138146
138148
138152
138154
138160
138168
138170
138172
138178
140084
140096
140122
140134
140142
140148
140162
140172
140174
140178
142054
142058
142068
142084
142086
142098
142106
142108
142120
142126
142136
142148
142150
142154
142194
142212
144048
144068
144076
144088
144094
144098
144102
144104
144120
144124
144126
144128
144134
144140
144146
144150
144156
144158
144170
144172
144182
144204
146052
146066
146076
146092
146096
146102
146104
146112
146136
146146
146148
146150
146152
146174
146176
146180
146190
148056
148058
148062
148074
148076
148092
148094
148096
148098
148100
148104
148106
148108
148138
148146
148174
148178
150050
150052
